25764
25804
25806
25808
25810
25812
25814
25816
25817
25819
25821
25823
25825
25840
25842
25850
25878
25883
25884
25886
25897
25910
25914
25919
25921
25930
25932
25934
25936
25937
25939
25940
25942
25943
25944
25945
25946
25947
25948
25949
25950
25951
25953
25954
25955
25956
25957
25958
25959
25960
25962
25963
25964
25965
25966
25967
25968
25969
25970
25972
25973
25974
25975
25977
25979
25981
25983
25984
25986
25987
25988
25989
25990
25991
25992
25993
25994
25995
25996
25997
25998
25999
26001
26003
26005
26007
26014
26016
26018
26020
26022
26023
26024
26025
26026
26027
26028
26029
26030
26031
26032
26033
26034
26035
26036
26037
26039
26041
26042
26043
26044
26045
26047
26048
26049
26050
26051
26052
26053
26054
26055
26057
26064
26066
26067
26068
26069
26070
26071
26073
26075
26092
26094
26096
26098
26100
26104
26106
26108
26109
26110
26111
26112
26113
26114
26115
26116
26117
26118
26119
26120
26121
26122
26123
26124
26125
26126
26127
26128
26129
26130
26131
26132
26133
26134
26135
26136
26137
26138
26139
26140
26141
26143
26145
26147
26148
26150
26151
26153
26155
26159
26161
26229
26368
26370
26374
26376
26378
26380
26382
26384
26386
26388
26390
26392
26393
26394
26395
26396
26397
26398
26399
26400
26401
26402
26403
26405
26406
26409
26411
26413
26414
26415
26416
26417
26418
26419
26420
26421
26422
26423
26424
26425
26426
26428
26429
26430
26432
26434
26436
26437
26438
26439
26440
26441
26442
26443
26444
26445
26446
26448
26449
26451
26452
26453
26454
26455
26456
26457
26460
26461
26462
26463
26464
26466
26467
26468
26471
26472
26473
26474
26475
26476
26477
26478
26480
26481
26482
26484
26485
26487
26488
26489
26490
26491
26492
26494
26495
26496
26497
26498
26499
26500
26501
26502
26503
26504
26505
26506
26507
26508
26509
26510
26511
26512
26513
26514
26515
26516
26517
26518
26519
26520
26521
26522
26524
26525
26526
26528
26529
26530
26531
26532
26533
26534
26535
26536
26537
26539
26541
26545
26547
26549
26551
26553
26555
26557
26559
26714
26723
26724
26726
26727
26731
26750
26751
26753
